          average  max drawdown  negative day  negative periods  negative week  portfolio value  positive periods  postive day  postive week  sharpe ratio
cnn      1.000494      0.542773          1967              2190           1705         4.912568              2026         2363          2625      0.031007
crp      0.999940      0.506966          2462              2193           3067         0.713298              2137         1868          1263     -0.010091
olmar    0.998998      0.993178          3381              2382           3816         0.007047              1773          949           514     -0.059715
up       0.999939      0.506651          2466              2184           3075         0.711239              2146         1864          1255     -0.010140
anticor  0.999873      0.696386          2620              2274           3351         0.466154              2056         1710           979     -0.012878
pamr     0.997759      0.999967          3854              2758           4330         0.000034              1542          476             0     -0.138442
best     1.000240      0.585365          2455              1932           2419         1.422701              1914         1863          1911      0.013452
bk       0.999755      0.772612          2843              2308           3165         0.231534              2015         1487          1165     -0.017986
m0       0.999935      0.577664          2513              2208           3028         0.677607              2122         1817          1302     -0.009125
rmr      0.998858      0.996357          3397              2383           3944         0.003859              1778          933           386     -0.068339
cwmr     0.997566      0.999986          3892              2800           4330         0.000015              1498          438             0     -0.148947
eg       0.999939      0.506802          2468              2186           3072         0.711675              2143         1862          1258     -0.010129
ubah     0.999927      0.503504          2544              2202           3199         0.661413              2128         1786          1131     -0.010777
wmamr    0.999575      0.934437          3001              2371           3483         0.093635              1882         1329           847     -0.027190
bah      0.999870      0.737925          2529              2239           2899         0.484452              2068         1800          1431     -0.015162