          average  max drawdown  negative day  negative periods  negative week  portfolio value  positive periods  postive day  postive week  sharpe ratio
cnn      1.000504      0.154795           129               145             37         1.136845               154          171           263      0.040674
crp      0.999503      0.175826           203               160            264         0.857542               140           97            36     -0.090797
olmar    0.998904      0.342543           277               165            300         0.703084               125           23             0     -0.088098
up       0.999502      0.175851           203               158            264         0.857191               142           97            36     -0.091108
anticor  0.999930      0.150485           162               143            220         0.972036               157          138            80     -0.009877
pamr     0.997386      0.551817           300               197            300         0.447489               103            0             0     -0.233060
best     1.000000      0.000000             0                 0              0         1.000000                 0            0             0           NaN
bk       0.998827      0.298748           262               169            300         0.698287                76           38             0     -0.170781
m0       0.999393      0.198717           217               163            289         0.828398               137           83            11     -0.095927
rmr      0.999111      0.327542           241               168            300         0.748939               122           59             0     -0.072642
cwmr     0.996959      0.606756           299               205            299         0.393266                95            1             1     -0.266809
eg       0.999502      0.175913           203               160            264         0.857368               140           97            36     -0.091007
ubah     0.999489      0.177425           206               162            267         0.854162               138           94            33     -0.095134
wmamr    0.999633      0.186466           215               151            270         0.876064               141           85            30     -0.030030
bah      0.999659      0.156347           167               155            204         0.895841               142          133            96     -0.047898