          average  max drawdown  negative day  negative periods  negative week  portfolio value  positive periods  postive day  postive week  sharpe ratio
cnn      1.000222      0.536745          2061              2219           1711         1.824969              2038         2269          2619      0.017242
crp      1.000008      0.309470          2225              2130           2444         0.986813              2199         2105          1886      0.001729
olmar    0.998482      0.999380          3788              2524           3848         0.000969              1729          542           482     -0.117113
up       1.000008      0.307534          2227              2144           2451         0.985659              2186         2103          1879      0.001673
anticor  0.999803      0.731929          2874              2321           3497         0.366518              2009         1456           833     -0.023750
pamr     0.997289      0.999995          4141              2846           4320         0.000005              1468          189            10     -0.210151
best     1.000220      0.488889          1995              2161           1640         1.989104              2159         2335          2690      0.019891
bk       0.999814      0.887654          2713              2249           3059         0.346746              2081         1617          1271     -0.017139
m0       1.000009      0.388243          2293              2170           2438         0.952937              2160         2037          1892      0.001414
rmr      0.998558      0.999178          3846              2518           3932         0.001357              1738          484           398     -0.113020
cwmr     0.997031      0.999998          4181              2859           4327         0.000002              1449          149             3     -0.224027
eg       1.000008      0.308693          2232              2138           2449         0.985941              2192         2098          1881      0.001690
ubah     1.000004      0.310212          2275              2115           2529         0.964661              2215         2055          1801      0.000799
wmamr    0.999186      0.982921          3582              2434           4077         0.021587              1858          748           253     -0.067846
bah      1.000220      0.488889          1995              2161           1640         1.989104              2159         2335          2690      0.019891